/NAME=[JP] MA0028.1 ELK1 TYPE=PSFM SPECIES=H.sap DESCRIPTION=JASPAR database comment line: acc "P19419" ; collection "CORE" ; comment "-" ; family "Ets" ; medline "1425594" ; pazar_tf_id "TF0000017" ; species "9606" ; tax_group "vertebrates" ; type "SELEX"
0.25	0.25	0.34375	0.15625
0.34375	0.21875	0.21875	0.21875
0.3125	0.15625	0.34375	0.1875
0.1875	0.625	0.0625	0.125
0.09375	0.78125	0.0625	0.0625
0.03125	0.03125	0.78125	0.15625
0.0625	0.03125	0.875	0.03125
0.875	0.03125	0.0625	0.03125
0.6875	0.1875	0.03125	0.09375
0.4375	0.03125	0.46875	0.0625

/NAME=[JP] MA0062.1 GABPA TYPE=PSFM SPECIES=H.sap DESCRIPTION=JASPAR database comment line: acc "Q06546" ; collection "CORE" ; comment "-" ; family "Ets" ; medline "8383622" ; pazar_tf_id "TF0000039" ; species "9606" ; tax_group "vertebrates" ; type "COMPILED"
0.54545455	0.18181818	0.18181818	0.09090909
0.18181818	0.54545455	0.18181818	0.09090909
0.18181818	0.63636364	0.09090909	0.09090909
0.09090909	0.09090909	0.72727273	0.09090909
0.09090909	0.09090909	0.72727273	0.09090909
0.72727273	0.09090909	0.09090909	0.09090909
0.72727273	0.09090909	0.09090909	0.09090909
0.09090909	0.09090909	0.72727273	0.09090909
0.36363636	0.18181818	0.18181818	0.27272727
0.09090909	0.27272727	0.45454545	0.18181818

/NAME=[JP] MA0076.1 ELK4 TYPE=PSFM SPECIES=H.sap DESCRIPTION=JASPAR database comment line: acc "P28324" ; collection "CORE" ; comment "-" ; family "Ets" ; medline "8524663" ; pazar_tf_id "TF0000052" ; species "9606" ; tax_group "vertebrates" ; type "SELEX"
0.70833333	0.08333333	0.125	0.08333333
0.04166667	0.875	0.04166667	0.04166667
0.04166667	0.875	0.04166667	0.04166667
0.04166667	0.04166667	0.875	0.04166667
0.04166667	0.04166667	0.875	0.04166667
0.875	0.04166667	0.04166667	0.04166667
0.70833333	0.04166667	0.04166667	0.20833333
0.20833333	0.08333333	0.66666667	0.04166667
0.08333333	0.29166667	0.04166667	0.58333333

/NAME=[JP] MA0080.1 SPI1 TYPE=PSFM SPECIES=H.sap DESCRIPTION=JASPAR database comment line: acc "P17947" ; collection "CORE" ; comment "-" ; family "Ets" ; medline "7624145" ; pazar_tf_id "TF0000056" ; species "9606" ; tax_group "vertebrates" ; type "SELEX"
0.24590164	0.36065574	0.32786885	0.06557377
0.08196721	0.04918033	0.80327869	0.06557377
0.06557377	0.01639344	0.86885246	0.04918033
0.93442623	0.03278689	0.01639344	0.01639344
0.93442623	0.01639344	0.01639344	0.03278689
0.06557377	0.31147541	0.57377049	0.04918033

/NAME=[JP] MA0080.2 SPI1 TYPE=PSFM SPECIES=H.sap DESCRIPTION=JASPAR database comment line: acc "P17947" ; collection "CORE" ; comment "Annotations from PAZAR PU.1 in the pleiades genes project (TF0000134)." ; family "Ets" ; medline "17916232 " ; pazar_tf_id "TF0000056" ; species "9606" ; tax_group "vertebrates" ; type "COMPILED"
0.73913043	0.08695652	0.15217391	0.02173913
0.10869565	0.02173913	0.82608696	0.04347826
0.10869565	0.02173913	0.84782609	0.02173913
0.93478261	0.02173913	0.02173913	0.02173913
0.91304348	0.02173913	0.04347826	0.02173913
0.13043478	0.08695652	0.73913043	0.04347826
0.08695652	0.13043478	0.06521739	0.7173913

/NAME=[JP] MA0081.1 SPIB TYPE=PSFM SPECIES=H.sap DESCRIPTION=JASPAR database comment line: acc "Q01892" ; collection "CORE" ; comment "-" ; family "Ets" ; medline "7624145" ; pazar_tf_id "TF0000057" ; species "9606" ; tax_group "vertebrates" ; type "SELEX"
0.60377358	0.01886792	0.01886792	0.35849057
0.09433962	0.28301887	0.56603774	0.05660377
0.47169811	0.32075472	0.1509434	0.05660377
0.05660377	0.01886792	0.90566038	0.01886792
0.03773585	0.01886792	0.90566038	0.03773585
0.9245283	0.01886792	0.01886792	0.03773585
0.90566038	0.01886792	0.01886792	0.05660377

/NAME=[JP] MA0098.1 ETS1 TYPE=PSFM SPECIES=H.sap DESCRIPTION=JASPAR database comment line: acc "CAG47050" ; collection "CORE" ; comment "-" ; family "Ets" ; medline "1542566" ; pazar_tf_id "TF0000070" ; species "9606" ; tax_group "vertebrates" ; type "SELEX"
0.11363636	0.38636364	0.11363636	0.38636364
0.40909091	0.02272727	0.02272727	0.54545455
0.02272727	0.04545455	0.02272727	0.90909091
0.02272727	0.90909091	0.04545455	0.02272727
0.02272727	0.90909091	0.02272727	0.04545455
0.13636364	0.09090909	0.40909091	0.36363636

/NAME=[JP] MA0149.1 EWSR1-FLI1 TYPE=PSFM SPECIES=H.sap DESCRIPTION=JASPAR database comment line: acc "Q9BZD1" ; collection "CORE" ; comment "fusion protein between EWSR1 and FLI1 in an oncogenic event." ; family "Ets" ; medline "19305498" ; pazar_tf_id "TF0000660" ; species "9606" ; tax_group "vertebrates" ; type "ChiP-seq"
0.00917431	0.00917431	0.97247706	0.00917431
0.02752294	0.00917431	0.95412844	0.00917431
0.96330275	0.00917431	0.01834862	0.00917431
0.96330275	0.00917431	0.01834862	0.00917431
0.01834862	0.00917431	0.96330275	0.00917431
0.02752294	0.00917431	0.94495413	0.01834862
0.95412844	0.00917431	0.02752294	0.00917431
0.94495413	0.00917431	0.03669725	0.00917431
0.00917431	0.00917431	0.96330275	0.01834862
0.00917431	0.02752294	0.95412844	0.00917431
0.91743119	0.04587156	0.02752294	0.00917431
0.97247706	0.00917431	0.00917431	0.00917431
0.00917431	0.00917431	0.97247706	0.00917431
0.00917431	0.02752294	0.95412844	0.00917431
0.9266055	0.03669725	0.00917431	0.02752294
0.94495413	0.00917431	0.02752294	0.01834862
0.05504587	0.00917431	0.89908257	0.03669725
0.03669725	0.03669725	0.89908257	0.02752294

/NAME=[JP] MA0156.1 FEV TYPE=PSFM SPECIES=H.sap DESCRIPTION=Motif entry was assigned to more than one species: Rattus norvegicus, Homo sapiens. (Only one is kept in MochiView.) JASPAR database comment line: acc "Q99581" ; collection "CORE" ; comment "Annotations from PAZAR FEV_RAT + FEV_HUMAN (TF0000158, TF0000163) in the pleiades genes project." ; family "Ets" ; medline "17916232" ; pazar_tf_id "TF0000163" ; species "10116,9606" ; tax_group "vertebrates" ; type "COMPILED"
0.17647059	0.58823529	0.11764706	0.11764706
0.58823529	0.23529412	0.11764706	0.05882353
0.05882353	0.05882353	0.82352941	0.05882353
0.05882353	0.05882353	0.82352941	0.05882353
0.82352941	0.05882353	0.05882353	0.05882353
0.76470588	0.05882353	0.05882353	0.11764706
0.47058824	0.05882353	0.41176471	0.05882353
0.05882353	0.05882353	0.05882353	0.82352941

