# 318 motifs
#
# This library was provided courtesy of Boris Lenhard and the JASPAR database (http://jaspar.cgb.ki.se/) on October 15, 2009.
#
# The motifs were parsed from the files available on the JASPAR ftp server:
#    [1] http://jaspar.genereg.net/html/DOWNLOAD/all_data/matrix_only/matrix_only.txt
#    [2] http://jaspar.genereg.net/html/DOWNLOAD/all_data/FlatFileDir/matrix_list.txt
# A pseudocount was added to each count in the base count matrix prior to conversion to a frequency matrix.
# Note that JASPAR allows multiple species to be assigned to a motif, whereas MochiView does not.
# In the 16 cases where this occurred, the species list is provided in the description and precedence
# was given to Homo sapiens and then Mus musculus (this covered all cases).
#
# 19 species are represented in the JASPAR library (this file only includes entries assigned to Homo sapiens):
#    Antirrhinum majus: 3 motif(s)
#    Arabidopsis thaliana: 5 motif(s)
#    Caenorhabditis elegans: 24 motif(s)
#    Drosophila melanogaster: 128 motif(s)
#    Gallus gallus: 2 motif(s)
#    Halocynthia roretzi: 1 motif(s)
#    Homo sapiens: 318 motif(s)
#    Hordeum vulgare: 1 motif(s)
#    Mus musculus: 428 motif(s)
#    Oryctolagus cuniculus: 1 motif(s)
#    Petunia hybrida: 1 motif(s)
#    Pisum sativum: 3 motif(s)
#    Rattus norvegicus: 7 motif(s)
#    Rattus rattus: 1 motif(s)
#    Saccharomyces cerevisiae: 177 motif(s)
#    Triticum aestivum: 1 motif(s)
#    Xenopus laevis: 1 motif(s)
#    Zea mays: 6 motif(s)
#    Unlisted Species: 208 motif(s)
#
# JASPAR: an open-access database for eukaryotic transcription factor binding profiles
#    Nucleic Acids Res. 2004 Jan 1; 32(Database issue):D91-4
#    Sandelin A, Alkema W, Engstrom P, Wasserman WW, Lenhard B.
# JASPAR, the open access database of transcription factor-binding profiles: new content and tools in the 2008 update
#    Bryne JC, Valen E, Tang MH, Marstrand T, Winther O, da Piedade I, Krogh A, Lenhard B, Sandelin A.
#    Nucleic Acids Res. 2008 Jan;36(Database issue):D102-6. Epub 2007 Nov 15.
#
# Medline IDs for individual motifs can be found in the description lines of each motif. Full abstracts
#  and references for these IDs (matched to motif name) are available on the MochiView website.
#

/NAME=[JP] CN0001.1 LM1 TYPE=PSFM SPECIES=H.sap DESCRIPTION=JASPAR database comment line: acc "" ; collection "CNE" ; comment "-" ; consensus "YKGTTKCCATGGMAACMR" ; medline "17442748" ; species "9606"
0.16829085	0.08002249	0.38362069	0.36806597
0.04610195	0.00412294	0.91829085	0.03148426
0.00955772	0.05116192	0.01049475	0.92878561
0.03167166	0.01911544	0.00918291	0.94002999
0.10794603	0.05228636	0.72151424	0.11825337
0.00524738	0.87368816	0.01443028	0.10663418
0.00374813	0.90386057	0.0010	0.09145427
0.91847826	0.02305097	0.02211394	0.03635682
0.06709145	0.0297976	0.03935532	0.86375562
0.20783358	0.0010	0.78823088	0.0029985
0.01967766	0.00655922	0.96870315	0.00505997
0.5088081	0.24962519	0.05116192	0.1904048
0.7441904	0.01836582	0.19733883	0.04010495
0.95502249	0.01030735	0.0238006	0.01086957
0.01536732	0.91473013	0.01068216	0.05922039
0.36844078	0.34670165	0.06502999	0.21982759

/NAME=[JP] CN0002.1 LM2 TYPE=PSFM SPECIES=H.sap DESCRIPTION=JASPAR database comment line: acc "" ; collection "CNE" ; comment "-" ; consensus "YNRCCACYAGATGGCAGYM" ; medline "17442748" ; species "9606"
0.3315239	0.07520191	0.40010592	0.19316828
0.06633126	0.85608368	0.02515557	0.0524295
0.00278035	0.99364491	0.0010	0.00304515
0.92003178	0.00979743	0.02065404	0.04951675
0.02515557	0.71799285	0.23381438	0.0230372
0.17383821	0.34436648	0.02952469	0.45227062
0.91116113	0.00767907	0.04872236	0.03243744
0.00648749	0.00211836	0.98980538	0.00158877
0.60227724	0.00516351	0.38991129	0.00264795
0.01112141	0.00622269	0.3953396	0.5873163
0.00913544	0.0010	0.98636303	0.00383953
0.01800609	0.01310737	0.85118496	0.11770158
0.01999206	0.94651132	0.00794386	0.02555276
0.8546273	0.00794386	0.1104197	0.02700914
0.08023302	0.34145373	0.54230107	0.03601218
0.10658017	0.33854098	0.07043559	0.48444327
0.49596187	0.19316828	0.27181252	0.03905733
0.19449225	0.1455051	0.24334701	0.41665563
0.34436648	0.13875281	0.16735072	0.34952999
0.24586257	0.10922812	0.45041705	0.19449225

/NAME=[JP] CN0003.1 LM3 TYPE=PSFM SPECIES=H.sap DESCRIPTION=JASPAR database comment line: acc "" ; collection "CNE" ; comment "-" ; consensus "KGTTGCTWRGCAACM" ; medline "17442748" ; species "9606"
0.14268868	0.04481132	0.3879717	0.4245283
0.00589623	0.00235849	0.98820755	0.00353774
0.00117925	0.01650943	0.00353774	0.97877358
0.00825472	0.00707547	0.00235849	0.98231132
0.00589623	0.00353774	0.97169811	0.01886792
0.00117925	0.99646226	0.00117925	0.00117925
0.00471698	0.18985849	0.00235849	0.80306604
0.75235849	0.00117925	0.04245283	0.20400943
0.31014151	0.00235849	0.65919811	0.02830189
0.00589623	0.00117925	0.99174528	0.00117925
0.17216981	0.67806604	0.04245283	0.10731132
0.9740566	0.00471698	0.00943396	0.01179245
0.93514151	0.00589623	0.05188679	0.00707547
0.00707547	0.98584906	0.00117925	0.00589623
0.37617925	0.43867925	0.02004717	0.16509434

/NAME=[JP] CN0004.1 LM4 TYPE=PSFM SPECIES=H.sap DESCRIPTION=JASPAR database comment line: acc "" ; collection "CNE" ; comment "-" ; consensus "RGCMTKCTGGGARTTGTAGTYY" ; medline "17442748" ; species "9606"
0.20893142	0.0446571	0.51089846	0.23551302
0.04891015	0.03455609	0.8841042	0.03242956
0.08984583	0.61190856	0.23657629	0.06166932
0.45241893	0.40829346	0.04891015	0.09037746
0.0414673	0.19245082	0.08187135	0.68421053
0.03615098	0.20574163	0.4189261	0.33918129
0.08825093	0.77192982	0.06273259	0.07708666
0.01967039	0.15629984	0.01010101	0.81392876
0.02073365	0.00265816	0.96916534	0.00744285
0.00744285	0.00478469	0.98192451	0.00584795
0.03189793	0.00903775	0.94683679	0.01222754
0.88357257	0.02392344	0.06007443	0.03242956
0.43753323	0.12227539	0.3625731	0.07761829
0.32854864	0.11536417	0.09409888	0.4619883
0.02020202	0.10207337	0.03402446	0.84370016
0.0281765	0.01222754	0.95640617	0.00318979
0.03827751	0.04944179	0.0579479	0.8543328
0.91653376	0.00956938	0.06060606	0.0132908
0.01169591	0.02020202	0.95215311	0.01594896
0.00850611	0.01594896	0.02498671	0.95055821
0.02286018	0.46570973	0.04359383	0.46783626
0.03402446	0.57469431	0.03668262	0.35459862

/NAME=[JP] CN0005.1 LM5 TYPE=PSFM SPECIES=H.sap DESCRIPTION=JASPAR database comment line: acc "" ; collection "CNE" ; comment "-" ; consensus "TCCCATTARYRTTAATGGGA" ; medline "17442748" ; species "9606"
0.03947368	0.08333333	0.03070175	0.84649123
0.03070175	0.65789474	0.04385965	0.26754386
0.03508772	0.74561404	0.00877193	0.21052632
0.05263158	0.81140351	0.00877193	0.12719298
0.96491228	0.00438596	0.00877193	0.02192982
0.01315789	0.00877193	0.00877193	0.96929825
0.01315789	0.01754386	0.02192982	0.94736842
0.85964912	0.00877193	0.10964912	0.02192982
0.56578947	0.07017544	0.31140351	0.05263158
0.04824561	0.77192982	0.02192982	0.15789474
0.60526316	0.05263158	0.07017544	0.27192982
0.04824561	0.21491228	0.07017544	0.66666667
0.01754386	0.13157895	0.01754386	0.83333333
0.9254386	0.03070175	0.03508772	0.00877193
0.97807018	0.00877193	0.00877193	0.00438596
0.03947368	0.00438596	0.00438596	0.95175439
0.05701754	0.00877193	0.89473684	0.03947368
0.28070175	0.00438596	0.67982456	0.03508772
0.21929825	0.07017544	0.66666667	0.04385965
0.74122807	0.03508772	0.13157895	0.09210526

/NAME=[JP] CN0006.1 LM6 TYPE=PSFM SPECIES=H.sap DESCRIPTION=JASPAR database comment line: acc "" ; collection "CNE" ; comment "-" ; consensus "CAAAGGCTCTTTTMAGAGCCACY" ; medline "17442748" ; species "9606"
0.18072289	0.72289157	0.01204819	0.08433735
0.96385542	0.01204819	0.01204819	0.01204819
0.96385542	0.01204819	0.01204819	0.01204819
0.90361446	0.07228916	0.01204819	0.01204819
0.03614458	0.01204819	0.92771084	0.02409639
0.02409639	0.01204819	0.92771084	0.03614458
0.02409639	0.92771084	0.02409639	0.02409639
0.03614458	0.18072289	0.01204819	0.77108434
0.01204819	0.96385542	0.01204819	0.01204819
0.01204819	0.01204819	0.01204819	0.96385542
0.02409639	0.01204819	0.04819277	0.91566265
0.01204819	0.04819277	0.01204819	0.92771084
0.02409639	0.01204819	0.02409639	0.93975904
0.18072289	0.73493976	0.01204819	0.07228916
0.96385542	0.01204819	0.01204819	0.01204819
0.02409639	0.02409639	0.93975904	0.01204819
0.77108434	0.01204819	0.20481928	0.01204819
0.03614458	0.01204819	0.93975904	0.01204819
0.01204819	0.96385542	0.01204819	0.01204819
0.02409639	0.95180723	0.01204819	0.01204819
0.8313253	0.06024096	0.09638554	0.01204819
0.06024096	0.84337349	0.01204819	0.08433735
0.01204819	0.6626506	0.04819277	0.27710843

/NAME=[JP] CN0007.1 LM7 TYPE=PSFM SPECIES=H.sap DESCRIPTION=JASPAR database comment line: acc "" ; collection "CNE" ; comment "-" ; consensus "NNNCCAGCAGATGGCGCTRT" ; medline "17442748" ; species "9606"
0.06961624	0.82477006	0.04519505	0.06041865
0.00475737	0.98874088	0.0038059	0.00269585
0.90469394	0.00983191	0.03536315	0.05011101
0.02045671	0.40691405	0.56168728	0.01094196
0.10133206	0.61227402	0.04218205	0.24421186
0.97066286	0.00523311	0.01030764	0.01379638
0.00570885	0.00222011	0.98921662	0.00285442
0.53790041	0.01125912	0.44766889	0.00317158
0.01633365	0.00919759	0.39882651	0.57564225
0.0076118	0.003013	0.98509356	0.00428164
0.0106248	0.01918807	0.88725024	0.08293689
0.08674278	0.7446876	0.02553124	0.14303838
0.44402157	0.01221059	0.51110054	0.0326673
0.07104345	0.7120203	0.20044402	0.01649223
0.06961624	0.14636854	0.02235966	0.76165557
0.22169363	0.24373612	0.50824611	0.02632414
0.12670473	0.20694577	0.14684428	0.51950523

/NAME=[JP] CN0008.1 LM8 TYPE=PSFM SPECIES=H.sap DESCRIPTION=JASPAR database comment line: acc "" ; collection "CNE" ; comment "-" ; consensus "MATGAATWATTCATR" ; medline "17442748" ; species "9606"
0.34150327	0.55718954	0.00490196	0.09640523
0.81862745	0.07679739	0.00653595	0.09803922
0.00490196	0.00163399	0.00326797	0.99019608
0.00490196	0.00163399	0.98856209	0.00490196
0.91666667	0.05228758	0.00326797	0.02777778
0.99183007	0.00163399	0.00163399	0.00490196
0.0620915	0.00326797	0.00326797	0.93137255
0.42156863	0.02777778	0.00816993	0.54248366
0.95424837	0.00653595	0.00163399	0.0375817
0.03104575	0.00163399	0.00490196	0.9624183
0.03267974	0.0130719	0.08333333	0.87091503
0.00490196	0.96078431	0.02287582	0.01143791
0.98039216	0.00816993	0.00163399	0.00980392
0.08333333	0.02777778	0.19444444	0.69444444
0.33986928	0.19934641	0.3872549	0.07352941

/NAME=[JP] CN0009.1 LM9 TYPE=PSFM SPECIES=H.sap DESCRIPTION=JASPAR database comment line: acc "" ; collection "CNE" ; comment "-" ; consensus "TTCAGCACCWYGGACAGMKMC" ; medline "17442748" ; species "9606"
0.11886662	0.14927436	0.20939876	0.52246026
0.02211472	0.14651002	0.08154803	0.74982723
0.02004147	0.9308915	0.01520387	0.03386317
0.95784381	0.01036628	0.00760194	0.02418798
0.02211472	0.0186593	0.94609537	0.01313062
0.0601244	0.70006911	0.16862474	0.07118176
0.93572909	0.01796821	0.02004147	0.02626123
0.01727713	0.93227367	0.03040774	0.02004147
0.0186593	0.91154112	0.01589496	0.05390463
0.53766413	0.14029026	0.1292329	0.19281272
0.16931583	0.26537664	0.12577747	0.43953006
0.0414651	0.01520387	0.92121631	0.02211472
0.02211472	0.01727713	0.95162405	0.00898411
0.79336558	0.12992398	0.04077402	0.03593642
0.01243953	0.79682101	0.14443677	0.0463027
0.96890117	0.0048376	0.01243953	0.0138217
0.04284727	0.0186593	0.92674499	0.01174845
0.13752592	0.59986178	0.13130615	0.13130615
0.21423635	0.04077402	0.42432619	0.32066344
0.13959917	0.57290947	0.20939876	0.07809261
0.10297167	0.72080166	0.03178991	0.14443677

/NAME=[JP] CN0010.1 LM10 TYPE=PSFM SPECIES=H.sap DESCRIPTION=JASPAR database comment line: acc "" ; collection "CNE" ; comment "-" ; consensus "YKGTTTCCATGGAAACMR" ; medline "17442748" ; species "9606"
0.20750253	0.28624535	0.16289287	0.34335924
0.154951	0.10054072	0.46130449	0.28320379
0.06573167	0.01470091	0.88154782	0.0380196
0.01284218	0.07755999	0.01064549	0.89895235
0.0126732	0.06387293	0.03193647	0.8915174
0.1098344	0.12098682	0.35484961	0.41432917
0.00760392	0.91821561	0.00456235	0.06961811
0.00963163	0.85924299	0.00185874	0.12926664
0.73504562	0.1091585	0.00135181	0.15444407
0.17489017	0.05238256	0.05255154	0.72017574
0.09885096	0.00202771	0.887293	0.01182832
0.03920243	0.02230483	0.92615749	0.01233525
0.50980061	0.32595471	0.00473133	0.15951335
0.80905711	0.00929368	0.11946604	0.06218317
0.96603582	0.01436296	0.00996958	0.00963163
0.02298074	0.91787766	0.01537682	0.04376479
0.5626901	0.2859074	0.01165934	0.13974316
0.45572829	0.10882055	0.34893545	0.08651571

/NAME=[JP] CN0011.1 LM11 TYPE=PSFM SPECIES=H.sap DESCRIPTION=JASPAR database comment line: acc "" ; collection "CNE" ; comment "-" ; consensus "ATGGAAATGCTGACAGAMCCTTAA" ; medline "17442748" ; species "9606"
0.80451128	0.06766917	0.05639098	0.07142857
0.11278195	0.04887218	0.03383459	0.80451128
0.16165414	0.0037594	0.79699248	0.03759398
0.18045113	0.0075188	0.77819549	0.03383459
0.96992481	0.0075188	0.01503759	0.0075188
0.95864662	0.0037594	0.01879699	0.01879699
0.81203008	0.03007519	0.13533835	0.02255639
0.08270677	0.13909774	0.04887218	0.72932331
0.18045113	0.01879699	0.7518797	0.04887218
0.0112782	0.86090226	0.02631579	0.10150376
0.0075188	0.03007519	0.0112782	0.95112782
0.06766917	0.02631579	0.88345865	0.02255639
0.94736842	0.01503759	0.03007519	0.0075188
0.06015038	0.87969925	0.02255639	0.03759398
0.93609023	0.01503759	0.02631579	0.02255639
0.07142857	0.27819549	0.58270677	0.06766917
0.78571429	0.08270677	0.10526316	0.02631579
0.30827068	0.36466165	0.10150376	0.22556391
0.05263158	0.59022556	0.05639098	0.30075188
0.12781955	0.66917293	0.02255639	0.18045113
0.08646617	0.08270677	0.03383459	0.79699248
0.05263158	0.09774436	0.07894737	0.77067669
0.72932331	0.08270677	0.06390977	0.12406015
0.69172932	0.08270677	0.12781955	0.09774436

/NAME=[JP] CN0012.1 LM12 TYPE=PSFM SPECIES=H.sap DESCRIPTION=JASPAR database comment line: acc "" ; collection "CNE" ; comment "-" ; consensus "RTGGCCTGAAAGAGTTAATGCW" ; medline "17442748" ; species "9606"
0.21702128	0.06382979	0.60425532	0.11489362
0.1106383	0.03404255	0.1106383	0.74468085
0.05957447	0.01276596	0.85957447	0.06808511
0.22553191	0.09361702	0.6212766	0.05957447
0.04680851	0.74893617	0.02553191	0.1787234
0.03829787	0.77446809	0.00425532	0.18297872
0.03829787	0.03404255	0.02553191	0.90212766
0.1106383	0.07234043	0.78297872	0.03404255
0.85957447	0.01702128	0.1106383	0.01276596
0.90638298	0.01702128	0.05957447	0.01702128
0.87659574	0.00425532	0.08510638	0.03404255
0.06808511	0.01702128	0.85531915	0.05957447
0.85957447	0.01702128	0.08085106	0.04255319
0.10212766	0.02553191	0.84255319	0.02978723
0.01276596	0.05531915	0.00425532	0.92765957
0.03829787	0.03404255	0.01702128	0.9106383
0.92765957	0.02978723	0.01702128	0.02553191
0.92765957	0.04680851	0.01276596	0.01276596
0.04680851	0.05957447	0.06382979	0.82978723
0.12765957	0.03829787	0.71489362	0.11914894
0.06382979	0.53617021	0.05531915	0.34468085
0.67234043	0.06382979	0.14893617	0.11489362

/NAME=[JP] CN0013.1 LM13 TYPE=PSFM SPECIES=H.sap DESCRIPTION=JASPAR database comment line: acc "" ; collection "CNE" ; comment "-" ; consensus "WTGCTAATTAGCA" ; medline "17442748" ; species "9606"
0.93333333	0.02222222	0.02222222	0.02222222
0.02222222	0.02222222	0.02222222	0.93333333
0.02222222	0.02222222	0.93333333	0.02222222
0.02222222	0.93333333	0.02222222	0.02222222
0.02222222	0.02222222	0.02222222	0.93333333
0.93333333	0.02222222	0.02222222	0.02222222
0.93333333	0.02222222	0.02222222	0.02222222
0.02222222	0.02222222	0.02222222	0.93333333
0.02222222	0.02222222	0.02222222	0.93333333
0.93333333	0.02222222	0.02222222	0.02222222
0.02222222	0.02222222	0.93333333	0.02222222
0.02222222	0.93333333	0.02222222	0.02222222
0.93333333	0.02222222	0.02222222	0.02222222

/NAME=[JP] CN0014.1 LM14 TYPE=PSFM SPECIES=H.sap DESCRIPTION=JASPAR database comment line: acc "" ; collection "CNE" ; comment "-" ; consensus "WNATCCAGATGTTTGGCAYYW" ; medline "17442748" ; species "9606"
0.31460674	0.19101124	0.08426966	0.41011236
0.19662921	0.3258427	0.12359551	0.35393258
0.68539326	0.08988764	0.11797753	0.10674157
0.02808989	0.13483146	0.14606742	0.69101124
0.02247191	0.87078652	0.06741573	0.03932584
0.01123596	0.97191011	0.00561798	0.01123596
0.96629213	0.00561798	0.01685393	0.01123596
0.02808989	0.01123596	0.93820225	0.02247191
0.86516854	0.07303371	0.05617978	0.00561798
0.01123596	0.00561798	0.00561798	0.97752809
0.03370787	0.01123596	0.92696629	0.02808989
0.00561798	0.03370787	0.03370787	0.92696629
0.00561798	0.05617978	0.02808989	0.91011236
0.00561798	0.03370787	0.01685393	0.94382022
0.08426966	0.00561798	0.88202247	0.02808989
0.08988764	0.04494382	0.82022472	0.04494382
0.09550562	0.76966292	0.03370787	0.1011236
0.70224719	0.06179775	0.07865169	0.15730337
0.07865169	0.15730337	0.1741573	0.58988764
0.05617978	0.59550562	0.0505618	0.29775281
0.51685393	0.1011236	0.15168539	0.23033708

/NAME=[JP] CN0015.1 LM15 TYPE=PSFM SPECIES=H.sap DESCRIPTION=JASPAR database comment line: acc "" ; collection "CNE" ; comment "-" ; consensus "MATTTGCATGCAAATGA" ; medline "17442748" ; species "9606"
0.28930818	0.40566038	0.08805031	0.21698113
0.87106918	0.03459119	0.05660377	0.03773585
0.03459119	0.01572327	0.01257862	0.93710692
0.05031447	0.02830189	0.01572327	0.90566038
0.0754717	0.00628931	0.02201258	0.89622642
0.0408805	0.08490566	0.83647799	0.03773585
0.02830189	0.94339623	0.01886792	0.00943396
0.96226415	0.01886792	0.00628931	0.01257862
0.05345912	0.00628931	0.03459119	0.90566038
0.14465409	0.02201258	0.78616352	0.04716981
0.21383648	0.55660377	0.05345912	0.17610063
0.83333333	0.01257862	0.00943396	0.14465409
0.91823899	0.01257862	0.03773585	0.03144654
0.97169811	0.00943396	0.00628931	0.01257862
0.02201258	0.01257862	0.00628931	0.9591195
0.13522013	0.04716981	0.77672956	0.0408805
0.72641509	0.06289308	0.10691824	0.10377358

/NAME=[JP] CN0016.1 LM16 TYPE=PSFM SPECIES=H.sap DESCRIPTION=JASPAR database comment line: acc "" ; collection "CNE" ; comment "-" ; consensus "CTTTGARATCCTYAGATGAAAGR" ; medline "17442748" ; species "9606"
0.05335366	0.73018293	0.0320122	0.18445122
0.04268293	0.13262195	0.01219512	0.8125
0.02896341	0.12652439	0.01371951	0.83079268
0.03658537	0.02134146	0.08231707	0.8597561
0.08993902	0.04878049	0.83689024	0.02439024
0.87652439	0.01829268	0.06859756	0.03658537
0.26676829	0.0304878	0.64176829	0.06097561
0.5304878	0.28810976	0.09908537	0.08231707
0.03353659	0.03353659	0.05335366	0.87957317
0.0304878	0.65853659	0.0625	0.24847561
0.05182927	0.63871951	0.01829268	0.29115854
0.08384146	0.14939024	0.0625	0.70426829
0.05792683	0.4054878	0.09603659	0.44054878
0.57926829	0.00914634	0.34756098	0.06402439
0.0777439	0.03810976	0.875	0.00914634
0.86585366	0.04115854	0.06402439	0.02896341
0.14786585	0.01829268	0.10365854	0.73018293
0.15396341	0.01981707	0.79115854	0.03506098
0.92682927	0.01981707	0.04115854	0.01219512
0.9527439	0.0152439	0.02743902	0.00457317
0.94207317	0.00457317	0.0304878	0.02286585
0.17682927	0.00914634	0.7820122	0.0320122
0.25914634	0.10213415	0.5777439	0.06097561

/NAME=[JP] CN0017.1 LM17 TYPE=PSFM SPECIES=H.sap DESCRIPTION=JASPAR database comment line: acc "" ; collection "CNE" ; comment "-" ; consensus "WNWRCATCTGRTTTGCATTW" ; medline "17442748" ; species "9606"
0.18285714	0.13142857	0.13142857	0.55428571
0.14285714	0.24	0.13142857	0.48571429
0.21714286	0.06285714	0.16	0.56
0.30857143	0.10857143	0.47428571	0.10857143
0.02285714	0.95428571	0.01142857	0.01142857
0.94857143	0.01142857	0.00571429	0.03428571
0.00571429	0.00571429	0.02285714	0.96571429
0.10857143	0.68	0.13142857	0.08
0.01142857	0.00571429	0.00571429	0.97714286
0.01714286	0.10857143	0.84571429	0.02857143
0.30285714	0.09142857	0.45714286	0.14857143
0.00571429	0.02285714	0.01142857	0.96
0.00571429	0.01714286	0.00571429	0.97142857
0.00571429	0.01142857	0.02285714	0.96
0.01714286	0.28	0.57714286	0.12571429
0.04	0.86857143	0.04571429	0.04571429
0.97142857	0.01142857	0.01142857	0.00571429
0.01714286	0.02285714	0.01142857	0.94857143
0.19428571	0.09142857	0.14285714	0.57142857
0.17714286	0.11428571	0.12571429	0.58285714

/NAME=[JP] CN0018.1 LM18 TYPE=PSFM SPECIES=H.sap DESCRIPTION=JASPAR database comment line: acc "" ; collection "CNE" ; comment "-" ; consensus "ATTTGCATNTSATTTGCAT" ; medline "17442748" ; species "9606"
0.65680473	0.11538462	0.08284024	0.14497041
0.03254438	0.02366864	0.03254438	0.9112426
0.01183432	0.05621302	0.0443787	0.88757396
0.03846154	0.00591716	0.0295858	0.9260355
0.11538462	0.06804734	0.77810651	0.03846154
0.03550296	0.89053254	0.01183432	0.06213018
0.91715976	0.02366864	0.01183432	0.04733728
0.02366864	0.03254438	0.02071006	0.92307692
0.23076923	0.34911243	0.18343195	0.23668639
0.04733728	0.02662722	0.02071006	0.90532544
0.08579882	0.49408284	0.36390533	0.05621302
0.88757396	0.0443787	0.0443787	0.02366864
0.02071006	0.00591716	0.00887574	0.96449704
0.0147929	0.02366864	0.00591716	0.9556213
0.04733728	0.00887574	0.01775148	0.9260355
0.08284024	0.07692308	0.77218935	0.06804734
0.05325444	0.87869822	0.00591716	0.06213018
0.9408284	0.0147929	0.00887574	0.03550296
0.08579882	0.06804734	0.01775148	0.82840237

/NAME=[JP] CN0019.1 LM19 TYPE=PSFM SPECIES=H.sap DESCRIPTION=JASPAR database comment line: acc "" ; collection "CNE" ; comment "-" ; consensus "TGCTAATTAGCAGCH" ; medline "17442748" ; species "9606"
0.06818182	0.02272727	0.06818182	0.84090909
0.02272727	0.06818182	0.88636364	0.02272727
0.02272727	0.93181818	0.02272727	0.02272727
0.02272727	0.02272727	0.02272727	0.93181818
0.88636364	0.06818182	0.02272727	0.02272727
0.90909091	0.02272727	0.04545455	0.02272727
0.02272727	0.02272727	0.02272727	0.93181818
0.02272727	0.04545455	0.02272727	0.90909091
0.90909091	0.02272727	0.02272727	0.04545455
0.02272727	0.02272727	0.93181818	0.02272727
0.02272727	0.90909091	0.04545455	0.02272727
0.81818182	0.04545455	0.02272727	0.11363636
0.09090909	0.04545455	0.75	0.11363636
0.09090909	0.79545455	0.06818182	0.04545455
0.29545455	0.31818182	0.02272727	0.36363636

/NAME=[JP] CN0020.1 LM20 TYPE=PSFM SPECIES=H.sap DESCRIPTION=JASPAR database comment line: acc "" ; collection "CNE" ; comment "-" ; consensus "TGACAGCTGTCA" ; medline "17442748" ; species "9606"
0.11275416	0.00184843	0.00184843	0.88354898
0.00184843	0.00184843	0.96303142	0.03327172
0.6284658	0.00184843	0.23844732	0.13123845
0.00184843	0.99445471	0.00184843	0.00184843
0.99445471	0.00184843	0.00184843	0.00184843
0.00184843	0.00184843	0.99445471	0.00184843
0.04805915	0.94824399	0.00184843	0.00184843
0.00184843	0.00184843	0.00184843	0.99445471
0.00184843	0.00184843	0.99445471	0.00184843
0.00184843	0.00184843	0.15157116	0.84473198
0.03881701	0.78373383	0.15341959	0.02402957
0.97227357	0.02402957	0.00184843	0.00184843

/NAME=[JP] CN0021.1 LM21 TYPE=PSFM SPECIES=H.sap DESCRIPTION=JASPAR database comment line: acc "" ; collection "CNE" ; comment "-" ; consensus "ATTTGCATNTCATTTGCATW" ; medline "17442748" ; species "9606"
0.72246696	0.08810573	0.07048458	0.11894273
0.04405286	0.02202643	0.02643172	0.90748899
0.01321586	0.02643172	0.03524229	0.92511013
0.03964758	0.01321586	0.01762115	0.92951542
0.13215859	0.05726872	0.78854626	0.02202643
0.02202643	0.92070485	0.00440529	0.05286344
0.93832599	0.01321586	0.00440529	0.04405286
0.02643172	0.03964758	0.00440529	0.92951542
0.23788546	0.31277533	0.22907489	0.22026432
0.030837	0.02643172	0.03524229	0.90748899
0.09251101	0.53303965	0.29955947	0.07488987
0.91629956	0.01762115	0.04405286	0.02202643
0.01762115	0.00881057	0.00881057	0.96475771
0.01321586	0.03964758	0.00440529	0.94273128
0.0660793	0.00881057	0.00881057	0.91629956
0.0969163	0.05726872	0.82378855	0.02202643
0.03524229	0.91189427	0.00440529	0.04845815
0.9339207	0.01321586	0.00881057	0.04405286
0.05726872	0.07048458	0.01321586	0.85903084
0.4845815	0.08370044	0.23348018	0.19823789

/NAME=[JP] CN0022.1 LM22 TYPE=PSFM SPECIES=H.sap DESCRIPTION=JASPAR database comment line: acc "" ; collection "CNE" ; comment "-" ; consensus "CAGCTGTTWAACAGCTG" ; medline "17442748" ; species "9606"
0.00606061	0.95757576	0.01818182	0.01818182
0.96363636	0.00606061	0.00606061	0.02424242
0.01212121	0.02424242	0.88484848	0.07878788
0.13939394	0.80606061	0.01818182	0.03636364
0.04242424	0.02424242	0.01212121	0.92121212
0.02424242	0.00606061	0.96363636	0.00606061
0.01818182	0.03636364	0.12121212	0.82424242
0.08484848	0.02424242	0.13939394	0.75151515
0.4	0.16363636	0.15757576	0.27878788
0.70909091	0.13333333	0.11515152	0.04242424
0.60606061	0.21818182	0.15151515	0.02424242
0.01818182	0.95757576	0.00606061	0.01818182
0.93333333	0.00606061	0.00606061	0.05454545
0.01212121	0.01212121	0.87878788	0.0969697
0.02424242	0.88484848	0.01212121	0.07878788
0.15757576	0.05454545	0.01212121	0.77575758
0.03636364	0.06666667	0.81818182	0.07878788

/NAME=[JP] CN0023.1 LM23 TYPE=PSFM SPECIES=H.sap DESCRIPTION=JASPAR database comment line: acc "" ; collection "CNE" ; comment "-" ; consensus "TKACCACCAGGTGGYGCTRW" ; medline "17442748" ; species "9606"
0.64088251	0.02472089	0.27113238	0.06326422
0.02392344	0.06778309	0.82216906	0.0861244
0.02684742	0.72753854	0.01701223	0.22860181
0.29239766	0.03003721	0.56220096	0.11536417
0.04651781	0.91440723	0.0215311	0.01754386
0.00451887	0.98325359	0.00265816	0.00956938
0.76634769	0.19085593	0.01674641	0.02604997
0.00318979	0.68367889	0.02046784	0.29266348
0.00558214	0.98325359	0.00505051	0.00611377
0.02206273	0.01807549	0.0082403	0.95162148
0.25146199	0.03216374	0.59968102	0.11669325
0.01568315	0.29319511	0.66081871	0.03030303
0.05050505	0.03216374	0.01807549	0.89925572
0.00531632	0.00292398	0.98431685	0.00744285
0.03668262	0.03136629	0.89819245	0.03375864
0.15337586	0.45427964	0.05847953	0.33386497
0.2897395	0.44471026	0.13024987	0.13530037
0.54811271	0.12200957	0.25119617	0.07868155

/NAME=[JP] CN0024.1 LM24 TYPE=PSFM SPECIES=H.sap DESCRIPTION=JASPAR database comment line: acc "" ; collection "CNE" ; comment "-" ; consensus "DGARAACAGATGGCW" ; medline "17442748" ; species "9606"
0.32984293	0.0104712	0.36649215	0.29319372
0.03141361	0.12041885	0.84293194	0.0052356
0.84816754	0.0052356	0.14136126	0.0052356
0.58115183	0.0104712	0.40314136	0.0052356
0.97905759	0.0052356	0.0104712	0.0052356
0.82198953	0.02617801	0.14659686	0.0052356
0.0052356	0.98429319	0.0052356	0.0052356
0.98429319	0.0052356	0.0052356	0.0052356
0.0052356	0.0052356	0.98429319	0.0052356
0.96858639	0.02094241	0.0052356	0.0052356
0.0052356	0.0052356	0.0052356	0.98429319
0.0052356	0.0052356	0.98429319	0.0052356
0.0052356	0.0052356	0.95287958	0.03664921
0.05235602	0.86387435	0.07853403	0.0052356
0.62827225	0.16230366	0.0052356	0.20418848

/NAME=[JP] CN0025.1 LM25 TYPE=PSFM SPECIES=H.sap DESCRIPTION=JASPAR database comment line: acc "" ; collection "CNE" ; comment "-" ; consensus "AAARGMAATTKCYTTT" ; medline "17442748" ; species "9606"
0.79130435	0.07246377	0.10724638	0.02898551
0.88695652	0.03478261	0.07536232	0.00289855
0.93333333	0.00289855	0.03188406	0.03188406
0.34492754	0.0057971	0.51014493	0.13913043
0.00869565	0.13913043	0.84347826	0.00869565
0.56811594	0.37101449	0.0115942	0.04927536
0.98550725	0.00289855	0.00289855	0.00869565
0.9884058	0.00289855	0.0057971	0.00289855
0.01449275	0.00289855	0.00289855	0.97971014
0.0057971	0.00289855	0.00289855	0.9884058
0.06956522	0.00289855	0.46666667	0.46086957
0.03768116	0.76521739	0.17681159	0.02028986
0.20289855	0.39130435	0.00289855	0.40289855
0.00869565	0.00869565	0.00289855	0.97971014
0.0057971	0.06666667	0.02898551	0.89855072
0.04057971	0.08695652	0.05797101	0.81449275

/NAME=[JP] CN0026.1 LM26 TYPE=PSFM SPECIES=H.sap DESCRIPTION=JASPAR database comment line: acc "" ; collection "CNE" ; comment "-" ; consensus "WAAACACAGCTGT" ; medline "17442748" ; species "9606"
0.20338983	0.15762712	0.05932203	0.57966102
0.93728814	0.03050847	0.0220339	0.01016949
0.97288136	0.00677966	0.00847458	0.01186441
0.95423729	0.01016949	0.01694915	0.01864407
0.01864407	0.95762712	0.01355932	0.01016949
0.97118644	0.01525424	0.00508475	0.00847458
0.01186441	0.97288136	0.01186441	0.00338983
0.97966102	0.00338983	0.00338983	0.01355932
0.01016949	0.01016949	0.96271186	0.01694915
0.01355932	0.96101695	0.02033898	0.00508475
0.01016949	0.00677966	0.00508475	0.9779661
0.01186441	0.0220339	0.95084746	0.01525424
0.07288136	0.18135593	0.12372881	0.6220339

/NAME=[JP] CN0027.1 LM27 TYPE=PSFM SPECIES=H.sap DESCRIPTION=JASPAR database comment line: acc "" ; collection "CNE" ; comment "-" ; consensus "ATTTGCATSTCATTWGCA" ; medline "17442748" ; species "9606"
0.8372093	0.06511628	0.0372093	0.06046512
0.01860465	0.00930233	0.01860465	0.95348837
0.01860465	0.03255814	0.01860465	0.93023256
0.0744186	0.00930233	0.00930233	0.90697674
0.0744186	0.04186047	0.86046512	0.02325581
0.02325581	0.93023256	0.00465116	0.04186047
0.93023256	0.01395349	0.00930233	0.04651163
0.06046512	0.02325581	0.02325581	0.89302326
0.14418605	0.34883721	0.28372093	0.22325581
0.01395349	0.03255814	0.0372093	0.91627907
0.11627907	0.64186047	0.20465116	0.0372093
0.93488372	0.02325581	0.01860465	0.02325581
0.05581395	0.01395349	0.01395349	0.91627907
0.01860465	0.0372093	0.00465116	0.93953488
0.29767442	0.01395349	0.02325581	0.66511628
0.10697674	0.06046512	0.80930233	0.02325581
0.02790698	0.9255814	0.00930233	0.0372093
0.84186047	0.0372093	0.00930233	0.11162791

/NAME=[JP] CN0028.1 LM28 TYPE=PSFM SPECIES=H.sap DESCRIPTION=JASPAR database comment line: acc "" ; collection "CNE" ; comment "-" ; consensus "AGAACATCTGTTTCY" ; medline "17442748" ; species "9606"
0.64686469	0.01155116	0.15676568	0.18481848
0.15016502	0.12871287	0.69471947	0.02640264
0.85808581	0.09405941	0.02475248	0.02310231
0.89108911	0.04785479	0.04785479	0.01320132
0.03630363	0.95544554	0.00330033	0.0049505
0.98019802	0.00825083	0.00165017	0.00990099
0.01155116	0.02970297	0.28877888	0.669967
0.02310231	0.95379538	0.00825083	0.01485149
0.01155116	0.00330033	0.00165017	0.98349835
0.01155116	0.0049505	0.97854785	0.0049505
0.00825083	0.07425743	0.01485149	0.90264026
0.00660066	0.0330033	0.0379538	0.92244224
0.02145215	0.02640264	0.0660066	0.88613861
0.01320132	0.71617162	0.11881188	0.15181518
0.22607261	0.38613861	0.01650165	0.37128713

/NAME=[JP] CN0029.1 LM29 TYPE=PSFM SPECIES=H.sap DESCRIPTION=JASPAR database comment line: acc "" ; collection "CNE" ; comment "-" ; consensus "WGCTAATTGCAAATG" ; medline "17442748" ; species "9606"
0.3030303	0.01515152	0.10606061	0.57575758
0.01515152	0.01515152	0.84848485	0.12121212
0.01515152	0.93939394	0.03030303	0.01515152
0.03030303	0.03030303	0.01515152	0.92424242
0.89393939	0.01515152	0.04545455	0.04545455
0.89393939	0.03030303	0.01515152	0.06060606
0.06060606	0.01515152	0.01515152	0.90909091
0.01515152	0.01515152	0.03030303	0.93939394
0.10606061	0.03030303	0.77272727	0.09090909
0.10606061	0.83333333	0.04545455	0.01515152
0.92424242	0.01515152	0.01515152	0.04545455
0.89393939	0.03030303	0.04545455	0.03030303
0.93939394	0.03030303	0.01515152	0.01515152
0.01515152	0.01515152	0.06060606	0.90909091
0.01515152	0.07575758	0.87878788	0.03030303

/NAME=[JP] CN0030.1 LM30 TYPE=PSFM SPECIES=H.sap DESCRIPTION=JASPAR database comment line: acc "" ; collection "CNE" ; comment "-" ; consensus "CTTTGAAATGTCAAW" ; medline "17442748" ; species "9606"
0.10191083	0.77707006	0.00636943	0.11464968
0.00636943	0.07006369	0.00636943	0.91719745
0.01273885	0.01910828	0.07643312	0.89171975
0.03184713	0.00636943	0.03821656	0.92356688
0.00636943	0.00636943	0.98089172	0.00636943
0.98089172	0.00636943	0.00636943	0.00636943
0.98089172	0.00636943	0.00636943	0.00636943
0.98089172	0.00636943	0.00636943	0.00636943
0.00636943	0.00636943	0.00636943	0.98089172
0.00636943	0.00636943	0.94904459	0.03821656
0.00636943	0.08280255	0.00636943	0.9044586
0.10828025	0.82802548	0.00636943	0.05732484
0.98089172	0.00636943	0.00636943	0.00636943
0.68152866	0.1910828	0.07006369	0.05732484
0.40127389	0.05732484	0.13375796	0.40764331

/NAME=[JP] CN0031.1 LM31 TYPE=PSFM SPECIES=H.sap DESCRIPTION=JASPAR database comment line: acc "" ; collection "CNE" ; comment "-" ; consensus "CTTTTCATCTTCAAAGYRCTTT" ; medline "17442748" ; species "9606"
0.09090909	0.54545455	0.10606061	0.25757576
0.06277056	0.18831169	0.04329004	0.70562771
0.02164502	0.04545455	0.01082251	0.92207792
0.02164502	0.05194805	0.02813853	0.8982684
0.05627706	0.08874459	0.03679654	0.81818182
0.03030303	0.81818182	0.03679654	0.11471861
0.83766234	0.05627706	0.04112554	0.06493506
0.02380952	0.03896104	0.03463203	0.9025974
0.02164502	0.75324675	0.03896104	0.18614719
0.01948052	0.04329004	0.00649351	0.93073593
0.02164502	0.03030303	0.03896104	0.90909091
0.03463203	0.88095238	0.03246753	0.05194805
0.93073593	0.04329004	0.01298701	0.01298701
0.9004329	0.02813853	0.05194805	0.01948052
0.95021645	0.004329	0.02597403	0.01948052
0.06277056	0.02597403	0.86147186	0.04978355
0.12770563	0.45021645	0.08658009	0.33549784
0.48484848	0.12554113	0.28354978	0.10606061
0.11688312	0.60606061	0.0974026	0.17965368
0.08008658	0.10606061	0.03030303	0.78354978
0.07792208	0.09090909	0.04545455	0.78571429
0.05844156	0.17965368	0.10822511	0.65367965

/NAME=[JP] CN0032.1 LM32 TYPE=PSFM SPECIES=H.sap DESCRIPTION=JASPAR database comment line: acc "" ; collection "CNE" ; comment "-" ; consensus "CTGACATTTYCAAA" ; medline "17442748" ; species "9606"
0.11509716	0.69656203	0.07174888	0.11659193
0.04334828	0.00149477	0.00298954	0.95216741
0.00149477	0.00896861	0.98355755	0.00597907
0.95515695	0.00597907	0.01195815	0.02690583
0.00896861	0.98056801	0.00597907	0.0044843
0.96263079	0.0284006	0.0044843	0.0044843
0.00747384	0.00747384	0.0044843	0.98056801
0.00896861	0.00747384	0.00747384	0.97608371
0.00597907	0.00896861	0.00747384	0.97757848
0.07623318	0.34977578	0.1793722	0.39461883
0.1509716	0.7593423	0.0612855	0.0284006
0.94618834	0.03886398	0.00298954	0.01195815
0.89686099	0.01644245	0.05381166	0.0328849
0.77578475	0.02690583	0.17638266	0.02092676

/NAME=[JP] CN0033.1 LM33 TYPE=PSFM SPECIES=H.sap DESCRIPTION=JASPAR database comment line: acc "" ; collection "CNE" ; comment "-" ; consensus "GWAATTGGAAACAKCTG" ; medline "17442748" ; species "9606"
0.13993174	0.12969283	0.62116041	0.10921502
0.36177474	0.06484642	0.12969283	0.44368601
0.90102389	0.02389078	0.0443686	0.03071672
0.93174061	0.01365188	0.02730375	0.02730375
0.11604096	0.07167235	0.07508532	0.73720137
0.02389078	0.00341297	0.13651877	0.83617747
0.12627986	0.00341297	0.84982935	0.02047782
0.11604096	0.09556314	0.74061433	0.04778157
0.88054608	0.03754266	0.05119454	0.03071672
0.93856655	0.01706485	0.02389078	0.02047782
0.83959044	0.07167235	0.07167235	0.01706485
0.03754266	0.93515358	0.01023891	0.01706485
0.94880546	0.00682594	0.00341297	0.04095563
0.01023891	0.02730375	0.60409556	0.35836177
0.02389078	0.88737201	0.04095563	0.04778157
0.0443686	0.00682594	0.00341297	0.94539249
0.00682594	0.00341297	0.9556314	0.03412969

/NAME=[JP] CN0034.1 LM34 TYPE=PSFM SPECIES=H.sap DESCRIPTION=JASPAR database comment line: acc "" ; collection "CNE" ; comment "-" ; consensus "WSATTTGCATTGCAAATGM" ; medline "17442748" ; species "9606"
0.175	0.05	0.165625	0.609375
0.1375	0.30625	0.4125	0.14375
0.85	0.090625	0.021875	0.0375
0.025	0.009375	0.00625	0.959375
0.003125	0.025	0.009375	0.9625
0.034375	0.003125	0.009375	0.953125
0.0875	0.059375	0.7875	0.065625
0.125	0.828125	0.009375	0.0375
0.896875	0.034375	0.003125	0.065625
0.071875	0.034375	0.015625	0.878125
0.03125	0.003125	0.065625	0.9
0.096875	0.096875	0.509375	0.296875
0.0375	0.8	0.065625	0.096875
0.953125	0.015625	0.009375	0.021875
0.90625	0.00625	0.078125	0.009375
0.978125	0.003125	0.00625	0.0125
0.11875	0.025	0.034375	0.821875
0.153125	0.053125	0.653125	0.140625
0.459375	0.203125	0.165625	0.171875

/NAME=[JP] CN0035.1 LM35 TYPE=PSFM SPECIES=H.sap DESCRIPTION=JASPAR database comment line: acc "" ; collection "CNE" ; comment "-" ; consensus "WRACTTCAAAGGGAGCTB" ; medline "17442748" ; species "9606"
0.18292683	0.13414634	0.1097561	0.57317073
0.17073171	0.1097561	0.62195122	0.09756098
0.90243902	0.02439024	0.06097561	0.01219512
0.01219512	0.8902439	0.04878049	0.04878049
0.01219512	0.02439024	0.01219512	0.95121951
0.01219512	0.01219512	0.01219512	0.96341463
0.01219512	0.93902439	0.02439024	0.02439024
0.96341463	0.01219512	0.01219512	0.01219512
0.93902439	0.01219512	0.02439024	0.02439024
0.95121951	0.01219512	0.01219512	0.02439024
0.04878049	0.01219512	0.91463415	0.02439024
0.1097561	0.01219512	0.86585366	0.01219512
0.31707317	0.08536585	0.58536585	0.01219512
0.8902439	0.04878049	0.02439024	0.03658537
0.07317073	0.01219512	0.85365854	0.06097561
0.04878049	0.7195122	0.07317073	0.15853659
0.07317073	0.09756098	0.01219512	0.81707317
0.06097561	0.43902439	0.24390244	0.25609756

/NAME=[JP] CN0036.1 LM36 TYPE=PSFM SPECIES=H.sap DESCRIPTION=JASPAR database comment line: acc "" ; collection "CNE" ; comment "-" ; consensus "KGAAAWKNNAWTTYCHW" ; medline "17442748" ; species "9606"
0.07333333	0.00666667	0.79333333	0.12666667
0.00666667	0.00666667	0.98	0.00666667
0.98	0.00666667	0.00666667	0.00666667
0.98	0.00666667	0.00666667	0.00666667
0.98	0.00666667	0.00666667	0.00666667
0.55333333	0.00666667	0.00666667	0.43333333
0.00666667	0.00666667	0.46666667	0.52
0.01333333	0.37333333	0.24	0.37333333
0.64666667	0.25333333	0.07333333	0.02666667
0.70666667	0.28	0.00666667	0.00666667
0.26	0.00666667	0.00666667	0.72666667
0.00666667	0.00666667	0.00666667	0.98
0.00666667	0.00666667	0.00666667	0.98
0.00666667	0.00666667	0.10666667	0.88
0.00666667	0.98	0.00666667	0.00666667
0.20666667	0.6	0.00666667	0.18666667
0.05333333	0.01333333	0.00666667	0.92666667

/NAME=[JP] CN0037.1 LM37 TYPE=PSFM SPECIES=H.sap DESCRIPTION=JASPAR database comment line: acc "" ; collection "CNE" ; comment "-" ; consensus "YATGCAAATGAGCCM" ; medline "17442748" ; species "9606"
0.17073171	0.54878049	0.03658537	0.24390244
0.91463415	0.03658537	0.01219512	0.03658537
0.02439024	0.01219512	0.02439024	0.93902439
0.01219512	0.01219512	0.96341463	0.01219512
0.02439024	0.8902439	0.02439024	0.06097561
0.96341463	0.01219512	0.01219512	0.01219512
0.96341463	0.01219512	0.01219512	0.01219512
0.96341463	0.01219512	0.01219512	0.01219512
0.01219512	0.01219512	0.01219512	0.96341463
0.02439024	0.03658537	0.92682927	0.01219512
0.95121951	0.01219512	0.01219512	0.02439024
0.06097561	0.06097561	0.86585366	0.01219512
0.01219512	0.70731707	0.18292683	0.09756098
0.1097561	0.79268293	0.04878049	0.04878049
0.15853659	0.52439024	0.01219512	0.30487805

/NAME=[JP] CN0038.1 LM38 TYPE=PSFM SPECIES=H.sap DESCRIPTION=JASPAR database comment line: acc "" ; collection "CNE" ; comment "-" ; consensus "GCAAATTAGCAGCT" ; medline "17442748" ; species "9606"
0.02040816	0.02040816	0.79591837	0.16326531
0.02040816	0.83673469	0.08163265	0.06122449
0.87755102	0.06122449	0.02040816	0.04081633
0.93877551	0.02040816	0.02040816	0.02040816
0.87755102	0.02040816	0.02040816	0.08163265
0.02040816	0.02040816	0.06122449	0.89795918
0.04081633	0.02040816	0.06122449	0.87755102
0.91836735	0.02040816	0.02040816	0.04081633
0.02040816	0.02040816	0.93877551	0.02040816
0.06122449	0.89795918	0.02040816	0.02040816
0.91836735	0.02040816	0.02040816	0.04081633
0.02040816	0.06122449	0.81632653	0.10204082
0.02040816	0.85714286	0.02040816	0.10204082
0.06122449	0.04081633	0.02040816	0.87755102

/NAME=[JP] CN0039.1 LM39 TYPE=PSFM SPECIES=H.sap DESCRIPTION=JASPAR database comment line: acc "" ; collection "CNE" ; comment "-" ; consensus "KNKGTYTCCTAGGAAACM" ; medline "17442748" ; species "9606"
0.13006993	0.16363636	0.26993007	0.43636364
0.11748252	0.52587413	0.0951049	0.26153846
